world: cw_clay
x: 6.6724948474073535
y: 63.0
z: -52.50437123378105
yaw: 89.400055
pitch: -4.500012
name: Clay
