spawn:
  world: map_main
  x: 112.48244834397838
  y: 70.0
  z: 453.4899996159403
  yaw: -89.22959
  pitch: 0.7500008
